
Distance: 220cm

12008
12207

12304
12038
12133
12133
12110
11962
12134
12357
12109
12011
12110
12008
12059
12085
12059
12182
12035
12040
12084
12108
12016
12085
12034
12011
12062
12011
12008
12035

Distance: 110cm

6328
6302
6278
6278
6278
6278
6322
6255
6272
6304
6304
6278
6279
6304
6278
6254
6328
6298
6254
6272
6279
6255
6279
6279
6279
6278
6278
6279
6279
6255

Distance: 280cm

15630
15947
15949
15847
15899
15922
15965
15868
15819
16015
15652
15940
15890
15893
15628
15727
15653
15622
15864
15940
15793
15621
15817
15652
15653
15870
15775
15695
15864
15596

Distance:  370cm

21021
21046
21046
21045
20996
21127
21050
21027
21022
21020
21144
21069
21045
21069
21075
21026
21025
21143
21071
21070
21142
20995
21044
21024
21051
21051
21193
21096
21144
21022

Distance: 160cm

8718
8619
8612
8662
8686
8642
8645
8619
8742
8694
8662
8736
8612
8612
8669
8668
8692
8741
8619
8736
8783
8760
8812
8662
8613
8784
8659
8616
8643
8792

Distance:  340cm

19245
19247
19222
19343
19247
19297
19370
19296
19244
19392
19244
19369
19269
19245
19370
19318
19269
19294
19247
19269
19245
19318
19247
19344
19296
19247
19270
19269
19275
19220

Distance:  60cm

3369
3401
3375
3375
3369
3375
3375
3369
3375
3375
3395
3401
3401
3395
3375
3376
3369
3375
3375
3375
3369
3401
3375
3369
3375
3375
3369
3401
3376
3396

Distance: 410cm

23745
23748
23790
23721
23747
23419
23772
23695
40153
23765
23818
23744
23745
23765
23721
40186
23422
23716
23747
23745
23739
23694
40311
23722
23348
23325
23740
23421
23715
23397

Distance: 290cm

16394
16367
16292
16365
16340
16339
16127
16367
16415
16415
16319
16366
16293
16365
16392
16389
16124
16293
16416
16465
16394
16340
16392
16267
16341
16361
16464
16315
16490
16173

Distance: 130cm

7357
7483
7452
7330
7356
7433
7483
7459
7376
7459
7382
7383
7356
7377
7483
7458
7427
7459
7459
7433
7453
7406
7407
7433
7357
7477
7382
7409
7059
7433

Distance: 170cm

9271
9815
9198
9223
9172
9171
9147
9417
9120
9147
9172
9123
9198
9174
9145
9171
9172
9124
9174
9099
9220
9293
9121
9121
9313
9171
9222
9147
9145
9171

Distance: 310cm

17488
17487
17484
17512
17505
17586
17509
17456
17536
17510
17484
17512
17530
17539
17513
17482
17514
17439
17536
17509
17430
17196
17533
17561
17508
17486
17560
17504
17560
17512

Distance: 120cm

7009
7036
7010
7036
7009
7085
7036
7009
7010
7109
7009
7035
7110
7110
7036
7092
7036
7059
7036
6983
6983
6982
7035
6983
7009
7085
7016
7036
7035
7035

Distance: 390cm

22184
22189
22115
22157
22057
22328
22083
22164
22067
22156
22086
22159
22107
22285
22132
22060
22159
22108
22109
22115
22213
22085
22108
22109
22352
22303
22108
22106
22108
22426

Distance: -1cm
